0.419940710067749
0.19757866859436035
0.04261636734008789
0.049521446228027344
0.03877997398376465
0.03630566596984863
0.0383906364440918
0.0234375
0.023990869522094727
0.024816274642944336
0.021210432052612305
0.020617246627807617
0.01664280891418457
0.015100955963134766
0.014027118682861328
0.01239156723022461
0.011261224746704102
0.011720895767211914
0.01007533073425293
0.010765552520751953
0.008858203887939453
0.009743690490722656
0.008257865905761719
0.008970499038696289
0.008671283721923828
0.008580923080444336
0.00889444351196289
0.007380247116088867
0.008085250854492188
0.007106781005859375
0.0068035125732421875
0.007241010665893555
0.0024819374084472656
0.003899097442626953
0.006459474563598633
0.00691533088684082
0.006154775619506836
0.00616145133972168
0.0066585540771484375
0.00596928596496582
0.005541086196899414
0.0059850215911865234
0.0061092376708984375
0.005527496337890625
0.005450010299682617
0.0058040618896484375
0.00574040412902832
0.005051136016845703
0.005188465118408203
0.0056304931640625
0.005083560943603516
0.0048410892486572266
0.004937410354614258
0.005289316177368164
0.0047779083251953125
0.004388570785522461
0.0046312808990478516
0.004842996597290039
0.004639625549316406
0.00424957275390625
0.0042803287506103516
0.00436854362487793
0.0046350955963134766
0.004116535186767578
0.003973722457885742
0.004138946533203125
0.004270792007446289
0.004435062408447266
0.003988981246948242
0.003871917724609375
0.004073381423950195
0.004147052764892578
0.004012346267700195
0.0016222000122070312
0.002222299575805664
0.003644704818725586
0.0038967132568359375
0.003815174102783203
0.003990650177001953
0.0037474632263183594
0.0034933090209960938
0.0035219192504882812
0.003834247589111328
0.0037446022033691406
0.0038068294525146484
0.0035088062286376953
0.0034139156341552734
0.0036618709564208984
0.003504037857055664
0.0036547183990478516
0.0013217926025390625
0.002285003662109375
0.0033698081970214844
0.0034797191619873047
0.003622770309448242
0.0034914016723632812
0.0037517547607421875
0.0032541751861572266
0.0033004283905029297
0.0034825801849365234
0.003344297409057617
0.003601551055908203
0.0034966468811035156
0.00313568115234375
0.0032274723052978516
0.0032155513763427734
0.003116607666015625
0.0033516883850097656
0.0033752918243408203
0.003049612045288086
0.003167867660522461
0.0030364990234375
0.0031654834747314453
0.003231048583984375
0.003117084503173828
0.0014030933380126953
0.0018515586853027344
0.0029592514038085938
0.003045320510864258
0.0031669139862060547
0.0030374526977539062
0.003281831741333008
0.0030999183654785156
0.0028944015502929688
0.003010988235473633
0.002984285354614258
0.0029511451721191406
0.0031294822692871094
0.0030744075775146484
0.002984762191772461
0.0028908252716064453
0.0027923583984375
0.002851247787475586
0.0030412673950195312
0.0029120445251464844
0.002987384796142578
0.0030226707458496094
0.002694845199584961
0.002747058868408203
0.002893686294555664
0.002785205841064453
0.0028858184814453125
0.003019571304321289
0.002813100814819336
0.002624034881591797
0.0027015209197998047
0.0027208328247070312
0.002645730972290039
0.0027136802673339844
0.00286865234375
0.002782106399536133
0.0025708675384521484
0.0026285648345947266
0.0026748180389404297
0.002602100372314453
0.0025777816772460938
0.0027115345001220703
0.002799510955810547
0.002634763717651367
0.002469778060913086
0.0025773048400878906
0.0026159286499023438
0.002524852752685547
0.0025191307067871094
0.002649068832397461
0.0027229785919189453
0.0025169849395751953
0.002397775650024414
0.0025010108947753906
0.002538442611694336
0.0024313926696777344
0.0024437904357910156
0.002585172653198242
0.002623319625854492
0.0024116039276123047
0.002368927001953125
0.0024538040161132812
0.002370119094848633
0.002341032028198242
0.0024580955505371094
0.002502918243408203
0.0024271011352539062
0.002447843551635742
0.0023834705352783203
0.0022857189178466797
0.0023016929626464844
0.002359151840209961
0.00240325927734375
0.0023310184478759766
0.002418041229248047
0.0024945735931396484
0.00232696533203125
0.0022025108337402344
0.0022771358489990234
0.002286672592163086
0.0023217201232910156
0.0022890567779541016
0.002286672592163086
0.002382993698120117
0.0023975372314453125
0.0021681785583496094
0.0021483898162841797
0.002172231674194336
0.0022428035736083984
0.002227783203125
0.0021948814392089844
0.00225830078125
0.0023369789123535156
0.002275705337524414
0.0020956993103027344
0.0021011829376220703
0.0021843910217285156
0.002148866653442383
0.002119302749633789
0.0022187232971191406
0.0022597312927246094
0.0021800994873046875
0.0022003650665283203
0.0021300315856933594
0.0020918846130371094
0.002064943313598633
0.0020399093627929688
0.002110719680786133
0.0021698474884033203
0.0021393299102783203
0.002092123031616211
0.0021228790283203125
0.002161264419555664
0.002053499221801758
0.0020041465759277344
0.002017498016357422
0.0020787715911865234
0.0021173954010009766
0.0020940303802490234
0.0020046234130859375
0.0020880699157714844
0.002175569534301758
0.0020728111267089844
0.0019290447235107422
0.0019719600677490234
0.002035856246948242
0.002040863037109375
0.0019364356994628906
0.0019922256469726562
0.002071857452392578
0.002100229263305664
0.0020225048065185547
0.0019769668579101562
0.0019297599792480469
0.001949310302734375
0.0019397735595703125
0.0019266605377197266
0.0019283294677734375
0.0019447803497314453
0.0019910335540771484
0.0020058155059814453
0.0020177364349365234
0.001965045928955078
0.0018448829650878906
0.0018305778503417969
0.0018649101257324219
0.0018901824951171875
0.0019106864929199219
0.0019145011901855469
0.0019135475158691406
0.0019335746765136719
0.0019106864929199219
0.0019385814666748047
0.0018701553344726562
0.0018312931060791016
0.0018222332000732422
0.0018012523651123047
0.0018074512481689453
0.0018367767333984375
0.001817464828491211
0.0018453598022460938
0.001878976821899414
0.0018880367279052734
0.0018641948699951172
0.0017862319946289062
0.0017430782318115234
0.0017600059509277344
0.0017364025115966797
0.0017731189727783203
0.0017774105072021484
0.0017957687377929688
0.0017936229705810547
0.0017812252044677734
0.0017867088317871094
0.001809835433959961
0.0017535686492919922
0.0017104148864746094
0.0017077922821044922
0.0017120838165283203
0.0017104148864746094
0.0016961097717285156
0.0017108917236328125
0.0017490386962890625
0.0017426013946533203
0.0017554759979248047
0.001764059066772461
0.0017559528350830078
0.0016880035400390625
0.0016400814056396484
0.0016508102416992188
0.0016872882843017578
0.0016789436340332031
0.0016880035400390625
0.0017049312591552734
0.0017082691192626953
0.0017139911651611328
0.0016987323760986328
0.0016980171203613281
0.0017037391662597656
0.0016512870788574219
0.0016224384307861328
0.0016245841979980469
0.0016307830810546875
0.0016291141510009766
0.0016133785247802734
0.0016286373138427734
0.0016613006591796875
0.0016567707061767578
0.0016720294952392578
0.0016770362854003906
0.0016696453094482422
0.0016138553619384766
0.0015647411346435547
0.0015594959259033203
0.0016045570373535156
0.001590728759765625
0.0016052722930908203
0.001615762710571289
0.0016226768493652344
0.0016238689422607422
0.0016105175018310547
0.0016083717346191406
0.0016355514526367188
0.0016090869903564453
0.0015704631805419922
0.0015454292297363281
0.0015420913696289062
0.0015439987182617188
0.0015437602996826172
0.0015761852264404297
0.001607656478881836
0.001573801040649414
0.0015828609466552734
0.0015943050384521484
0.0015997886657714844
0.001596212387084961
0.001547098159790039
0.0015094280242919922
0.0015079975128173828
0.0014948844909667969
0.0015282630920410156
0.0015311241149902344
0.0015399456024169922
0.0015339851379394531
0.0015125274658203125
0.0015213489532470703
0.00154876708984375
0.0015482902526855469
0.0015697479248046875
0.0015339851379394531
0.0014939308166503906
0.001474142074584961
0.0014557838439941406
0.0014655590057373047
0.0014929771423339844
0.0014879703521728516
0.0015079975128173828
0.0015099048614501953
0.0015110969543457031
0.0015091896057128906
0.0014955997467041016
0.001516103744506836
0.001522064208984375
0.001483917236328125
0.001451253890991211
0.0014488697052001953
0.0014514923095703125
0.0012660026550292969
0.0014379024505615234
0.0014607906341552734
0.0014920234680175781
0.0014772415161132812
0.001489400863647461
0.0014922618865966797
0.001501321792602539
0.001493692398071289
0.0014529228210449219
0.0014204978942871094
0.0014095306396484375
0.0014133453369140625
0.0014388561248779297
0.0014400482177734375
0.0014433860778808594
0.0014340877532958984
0.0014221668243408203
0.0014374256134033203
0.0014700889587402344
0.0014553070068359375
0.001470804214477539
0.0014715194702148438
0.0014410018920898438
0.0014045238494873047
0.0013735294342041016
0.0013720989227294922
0.0014069080352783203
0.0013928413391113281
0.0014224052429199219
0.0014204978942871094
0.0014271736145019531
0.0014195442199707031
0.001407623291015625
0.001415252685546875
0.0014431476593017578
0.0014386177062988281
0.0014274120330810547
0.0013921260833740234
0.0013744831085205078
0.0013659000396728516
0.001361846923828125
0.0013747215270996094
0.0014052391052246094
0.0013878345489501953
0.0014014244079589844
0.0014061927795410156
0.0014116764068603516
0.0014078617095947266
0.001394033432006836
0.0014045238494873047
0.0014078617095947266
0.001383066177368164
0.0013670921325683594
0.0013549327850341797
0.0013585090637207031
0.0013532638549804688
0.0013442039489746094
0.0013613700866699219
0.001392364501953125
0.0013709068298339844
0.0013866424560546875
0.0013926029205322266
0.001394510269165039
0.0013942718505859375
0.0013682842254638672
0.0013585090637207031
0.001344442367553711
0.0013239383697509766
0.0013422966003417969
0.0013434886932373047
0.0013446807861328125
0.0013413429260253906
0.0013303756713867188
0.0013341903686523438
0.001359701156616211
0.0013535022735595703
0.0013742446899414062
0.0013742446899414062
0.0013775825500488281
0.0013628005981445312
0.0013320446014404297
0.0013146400451660156
0.0013148784637451172
0.00130462646484375
0.001322031021118164
0.0013222694396972656
0.0013241767883300781
0.0013208389282226562
0.001308441162109375
0.0013232231140136719
0.00135040283203125
0.001333475112915039
0.0013549327850341797
0.001354217529296875
0.0013518333435058594
0.0013272762298583984
0.001295328140258789
0.0012745857238769531
0.0012881755828857422
0.0012836456298828125
0.0013051033020019531
0.0013079643249511719
0.0013093948364257812
0.0012996196746826172
0.0012919902801513672
0.0013048648834228516
0.0013294219970703125
0.0013167858123779297
0.001337289810180664
0.00133514404296875
0.0013179779052734375
0.00128936767578125
0.0012576580047607422
0.0012545585632324219
0.0012755393981933594
0.0012691020965576172
0.0012927055358886719
0.0012922286987304688
0.0012927055358886719
0.0012850761413574219
0.0012748241424560547
0.001291513442993164
0.0013179779052734375
0.0013012886047363281
0.0013194084167480469
0.0013134479522705078
0.0012941360473632812
0.0012662410736083984
0.0012373924255371094
0.0012421607971191406
0.0012614727020263672
0.0012559890747070312
0.0012810230255126953
0.001280069351196289
0.001279592514038086
0.0012722015380859375
0.0012645721435546875
0.0012774467468261719
0.0013072490692138672
0.0012886524200439453
0.0013053417205810547
0.0012958049774169922
0.0012753009796142578
0.001249074935913086
0.001222372055053711
0.00122833251953125
0.0012493133544921875
0.001239776611328125
0.0012655258178710938
0.0012660026550292969
0.0012640953063964844
0.001257181167602539
0.0012483596801757812
0.0012621879577636719
0.00128936767578125
0.0012729167938232422
0.0012879371643066406
0.001275777816772461
0.0012586116790771484
0.0012288093566894531
0.0012068748474121094
0.0012140274047851562
0.0012369155883789062
0.0012242794036865234
0.001247406005859375
0.0012485980987548828
0.001245737075805664
0.0012404918670654297
0.0012326240539550781
0.0012478828430175781
0.0012745857238769531
0.001256704330444336
0.001268625259399414
0.0012624263763427734
0.0012445449829101562
0.0012166500091552734
0.0011937618255615234
0.0011990070343017578
0.0012178421020507812
0.0012121200561523438
0.0012335777282714844
0.0012340545654296875
0.0012333393096923828
0.0012252330780029297
0.0012183189392089844
0.0012316703796386719
0.001260519027709961
0.0012407302856445312
0.0012547969818115234
0.0012531280517578125
0.0012354850769042969
0.0012128353118896484
0.0011823177337646484
0.0011868476867675781
0.0012066364288330078
0.0011970996856689453
0.001218557357788086
0.0012216567993164062
0.0012187957763671875
0.0012118816375732422
0.0012028217315673828
0.001218557357788086
0.0012438297271728516
0.0012249946594238281
0.0012428760528564453
0.001241922378540039
0.0012288093566894531
0.0012044906616210938
0.0011773109436035156
0.001171112060546875
0.0011899471282958984
0.0011811256408691406
0.0011997222900390625
0.001203775405883789
0.0012021064758300781
0.0011942386627197266
0.0011861324310302734
0.001201629638671875
0.0012252330780029297
0.0012085437774658203
0.0012254714965820312
0.001226186752319336
0.001222372055053711
0.001201629638671875
0.0011792182922363281
0.0011682510375976562
0.0011806488037109375
0.001165628433227539
0.00118255615234375
0.0011837482452392578
0.0011837482452392578
0.0011780261993408203
0.001169443130493164
0.0011873245239257812
0.0012116432189941406
0.0011916160583496094
0.0012047290802001953
0.001209259033203125
0.0012054443359375
0.0011982917785644531
0.0011777877807617188
0.0011706352233886719
0.0011723041534423828
0.00115203857421875
0.0011665821075439453
0.0011680126190185547
0.0011675357818603516
0.0011641979217529297
0.0011534690856933594
0.0011701583862304688
0.0011925697326660156
0.0011763572692871094
0.0011909008026123047
0.0011928081512451172
0.0011930465698242188
0.0011887550354003906
0.0011763572692871094
0.0011725425720214844
0.0011730194091796875
0.0011484622955322266
0.0011479854583740234
0.0011508464813232422
0.0011475086212158203
0.0011453628540039062
0.0011398792266845703
0.0011518001556396484
0.0011768341064453125
0.0011589527130126953
0.001172780990600586
0.0011734962463378906
0.0011737346649169922
0.0011718273162841797
0.001161813735961914
0.0011754035949707031
0.0011823177337646484
0.0011563301086425781
0.0011479854583740234
0.0011334419250488281
0.0011348724365234375
0.0011303424835205078
0.0011265277862548828
0.0011432170867919922
0.001163482666015625
0.0011429786682128906
0.0011572837829589844
0.0011608600616455078
0.0011582374572753906
0.001155853271484375
0.0011501312255859375
0.001161336898803711
0.0011854171752929688
0.0011622905731201172
0.0011551380157470703
0.0011360645294189453
0.0011267662048339844
0.0011141300201416016
0.0011067390441894531
0.001123189926147461
0.0011441707611083984
0.0011258125305175781
0.0011413097381591797
0.001142740249633789
0.0011436939239501953
0.00113677978515625
0.001131296157836914
0.001146554946899414
0.0011761188507080078
0.001142740249633789
0.0011615753173828125
0.0011539459228515625
0.0011355876922607422
0.0011153221130371094
0.0010952949523925781
0.0011055469512939453
0.0011229515075683594
0.0011119842529296875
0.0011305809020996094
0.0011305809020996094
0.0011272430419921875
0.001123189926147461
0.0011179447174072266
0.0011332035064697266
0.0011553764343261719
0.001138925552368164
0.0011489391326904297
0.0011529922485351562
0.0011467933654785156
0.0011284351348876953
0.0011069774627685547
0.0011026859283447266
0.0011112689971923828
0.0010972023010253906
0.0011146068572998047
0.0011136531829833984
0.0011150836944580078
0.0011065006256103516
0.0011029243469238281
0.0011167526245117188
0.0011386871337890625
0.0011229515075683594
0.001132965087890625
0.0011396408081054688
0.0011353492736816406
0.001131296157836914
0.0011222362518310547
0.0011200904846191406
0.0011203289031982422
0.0010960102081298828
0.0010974407196044922
0.0011031627655029297
0.001088857650756836
0.0010919570922851562
0.0010874271392822266
0.0010993480682373047
0.0011212825775146484
0.001104593276977539
0.0011181831359863281
0.0011205673217773438
0.001119852066040039
0.001115560531616211
0.0011098384857177734
0.0011227130889892578
0.0011394023895263672
0.0011131763458251953
0.0011060237884521484
0.0010919570922851562
0.0010864734649658203
0.0010771751403808594
0.0010743141174316406
0.0010883808135986328
0.0011093616485595703
0.00109100341796875
0.001104593276977539
0.0011081695556640625
0.0011072158813476562
0.0011010169982910156
0.0010221004486083984
0.0011086463928222656
0.0011310577392578125
0.0011143684387207031
0.0011234283447265625
0.0011124610900878906
0.0011014938354492188
0.0010805130004882812
0.0010635852813720703
0.0010707378387451172
0.001093149185180664
0.0010771751403808594
0.0010957717895507812
0.0010955333709716797
0.0010941028594970703
0.0010905265808105469
0.0010828971862792969
0.0010962486267089844
0.0011188983917236328
0.0011014938354492188
0.0011141300201416016
0.001116037368774414
0.0011138916015625
0.0011000633239746094
0.0010809898376464844
0.001079559326171875
0.0010831356048583984
0.0010652542114257812
0.0010793209075927734
0.0010800361633300781
0.0010802745819091797
0.0010747909545898438
0.0010673999786376953
0.0010807514190673828
0.0011034011840820312
0.0010845661163330078
0.001100301742553711
0.0011022090911865234
0.0011010169982910156
0.001094818115234375
0.0010907649993896484
0.0010986328125
0.0011014938354492188
0.0010783672332763672
0.0010755062103271484
0.0010635852813720703
0.001062631607055664
0.0010600090026855469
0.0010552406311035156
0.0010704994201660156
0.0010890960693359375
0.001070261001586914
0.0010859966278076172
0.0010852813720703125
0.0010852813720703125
0.0010814666748046875
0.0010781288146972656
0.0010881423950195312
0.0011105537414550781
0.0010912418365478516
0.0010952949523925781
0.0010807514190673828
0.001070261001586914
0.0010526180267333984
0.00103759765625
0.0010509490966796875
0.0010704994201660156
0.0010569095611572266
0.001069784164428711
0.0010762214660644531
0.0010690689086914062
0.0010693073272705078
0.0010590553283691406
0.0010743141174316406
0.0010943412780761719
0.0010800361633300781
0.0010900497436523438
0.0010941028594970703
0.0010902881622314453
0.0010700225830078125
0.001054525375366211
0.0010523796081542969
0.0010559558868408203
0.0010416507720947266
0.0010573863983154297
0.0010576248168945312
0.0010569095611572266
0.0010514259338378906
0.0010457038879394531
0.0010585784912109375
0.0010783672332763672
0.0010597705841064453
0.001077413558959961
0.0010790824890136719
0.0010747909545898438
0.001071929931640625
0.0010671615600585938
0.0010752677917480469
0.0010783672332763672
0.0010569095611572266
0.0010535717010498047
0.0010447502136230469
0.0010416507720947266
0.0010380744934082031
0.0010352134704589844
0.0010461807250976562
0.0010671615600585938
0.0010492801666259766
0.001062154769897461
0.001064300537109375
0.0010640621185302734
0.0010581016540527344
0.0010569095611572266
0.001064300537109375
0.001088857650756836
0.0010693073272705078
0.0010805130004882812
0.0010666847229003906
0.0010573863983154297
0.0010395050048828125
0.0010213851928710938
0.00102996826171875
0.0010516643524169922
0.0010347366333007812
0.0010509490966796875
0.0010547637939453125
0.0010492801666259766
0.0010485649108886719
0.001039743423461914
0.0010533332824707031
0.0010733604431152344
0.0010573863983154297
0.0010712146759033203
0.001071929931640625
0.001071929931640625
0.001058340072631836
0.0010476112365722656
0.0010437965393066406
0.0010516643524169922
0.0010254383087158203
0.001035928726196289
0.0010380744934082031
0.0010368824005126953
0.0010311603546142578
0.0010251998901367188
0.0010390281677246094
0.001056671142578125
0.0010411739349365234
0.0010557174682617188
0.0010590553283691406
0.0010564327239990234
0.0010514259338378906
0.0010466575622558594
0.0010590553283691406
0.001074075698852539
0.0010499954223632812
0.0010485649108886719
0.0010366439819335938
0.0010268688201904297
0.0010175704956054688
0.0010077953338623047
0.0010225772857666016
0.0010402202606201172
0.0010230541229248047
0.0010399818420410156
0.0010426044464111328
0.0010385513305664062
0.001035451889038086
0.0010292530059814453
0.0010428428649902344
0.0010597705841064453
0.0010449886322021484
0.0010595321655273438
0.0010600090026855469
0.001047372817993164
0.0010306835174560547
0.001013040542602539
0.001013040542602539
0.0010218620300292969
0.0010085105895996094
0.0010235309600830078
0.001027822494506836
0.0010230541229248047
0.0010197162628173828
0.0010144710540771484
0.0010237693786621094
0.0010447502136230469
0.0010294914245605469
0.0010440349578857422
0.0010454654693603516
0.0010426044464111328
0.0010380744934082031
0.001035928726196289
0.0010380744934082031
0.0010445117950439453
0.0010209083557128906
0.0010237693786621094
0.001010894775390625
0.0010116100311279297
0.0010051727294921875
0.0010025501251220703
0.0010137557983398438
0.0010309219360351562
0.0010180473327636719
0.0010294914245605469
0.0010311603546142578
0.0010302066802978516
0.0010254383087158203
0.0010221004486083984
0.0010302066802978516
0.0010523796081542969
0.001035451889038086
0.0010488033294677734
0.0010385513305664062
0.0010306835174560547
0.0010128021240234375
0.001995086669921875
0.001016378402709961
0.0009996891021728516
0.001013040542602539
0.001016378402709961
0.0010161399841308594
0.0010106563568115234
0.0010025501251220703
0.0010173320770263672
0.001033782958984375
0.0010209083557128906
0.0010333061218261719
0.0010349750518798828
0.0010328292846679688
0.0010275840759277344
0.001020193099975586
0.0010204315185546875
0.0010230541229248047
0.0010061264038085938
0.0010023117065429688
0.0009980201721191406
0.0009965896606445312
0.0019845962524414062
0.001001119613647461
0.0010170936584472656
0.001004934310913086
0.0010151863098144531
0.0010197162628173828
0.0010156631469726562
0.0010132789611816406
0.0010066032409667969
0.0010190010070800781
0.001039266586303711
0.0010216236114501953
0.0010292530059814453
0.001020193099975586
0.0010094642639160156
0.001976490020751953
0.0019936561584472656
0.0019960403442382812
0.001007080078125
0.001001119613647461
0.00099945068359375
0.002000093460083008
0.0010237693786621094
0.0010080337524414062
0.0010211467742919922
0.0010242462158203125
0.0010213851928710938
0.0010142326354980469
0.001004934310913086
0.0010046958923339844
0.0010111331939697266
0.0019845962524414062
0.001981496810913086
0.0019636154174804688
0.0020008087158203125
0.0020046234130859375
0.001008749008178711
0.0010073184967041016
0.0009996891021728516
0.000997781753540039
0.001008749008178711
0.001028299331665039
0.0010106563568115234
0.0010173320770263672
0.0010097026824951172
0.0010008811950683594
0.0019540786743164062
0.001975536346435547
0.0019769668579101562
0.0009963512420654297
0.001985311508178711
0.0019829273223876953
0.0010149478912353516
0.0009963512420654297
0.0010113716125488281
0.0010137557983398438
0.001013040542602539
0.0010042190551757812
0.0009963512420654297
0.000997304916381836
0.0010030269622802734
0.0019698143005371094
0.0019600391387939453
0.0019423961639404297
0.0019884109497070312
0.0019741058349609375
0.0009980201721191406
0.0019903182983398438
0.0019867420196533203
0.0010242462158203125
0.0020072460174560547
0.0010023117065429688
0.0013117790222167969
0.0016238689422607422
0.001950979232788086
0.001953125
0.0019674301147460938
0.001951456069946289
0.0019855499267578125
0.0019905567169189453
0.0010018348693847656
0.000997781753540039
0.0019865036010742188
0.0011057853698730469
0.0018591880798339844
0.0012269020080566406
0.0016868114471435547
0.001920938491821289
0.0019562244415283203
0.0019593238830566406
0.0019745826721191406
0.0019571781158447266
0.0019941329956054688
0.0019958019256591797
0.0009970664978027344
0.001293182373046875
0.0016300678253173828
0.001058816909790039
0.0018291473388671875
0.0019462108612060547
0.0019407272338867188
0.0019326210021972656
0.0019676685333251953
0.0019807815551757812
0.0019762516021728516
0.0019693374633789062
0.0019762516021728516
0.0012357234954833984
0.001672983169555664
0.0018999576568603516
0.0019328594207763672
0.0019397735595703125
0.001951456069946289
0.0019373893737792969
0.0019707679748535156
0.0019752979278564453
0.0019826889038085938
0.0019342899322509766
0.0010557174682617188
0.001819610595703125
0.0019197463989257812
0.001912832260131836
0.0019121170043945312
0.001939535140991211
0.001955747604370117
0.0019507408142089844
0.0019452571868896484
0.0019741058349609375
0.0012259483337402344
0.0016837120056152344
0.0018808841705322266
0.0019104480743408203
0.0019137859344482422
0.001928091049194336
0.001913309097290039
0.0019459724426269531
0.001951456069946289
0.001966238021850586
0.0019369125366210938
0.001005411148071289
0.0018107891082763672
0.0019047260284423828
0.0018887519836425781
0.0018901824951171875
0.0019192695617675781
0.0019338130950927734
0.0019283294677734375
0.001924753189086914
0.001956462860107422
0.0012326240539550781
0.0016922950744628906
0.0018906593322753906
0.0010228157043457031
0.0018053054809570312
0.0019078254699707031
0.0018992424011230469
0.0018939971923828125
0.0019261837005615234
0.001940011978149414
0.0019335746765136719
0.0019288063049316406
0.0019371509552001953
0.0012009143829345703
0.0016527175903320312
0.0018601417541503906
0.001894235610961914
0.0018985271453857422
0.0019137859344482422
0.0018968582153320312
0.001928091049194336
0.0019354820251464844
0.00194549560546875
0.001901388168334961
0.0010378360748291016
0.0017936229705810547
0.0018801689147949219
0.0018718242645263672
0.0018689632415771484
0.0018978118896484375
0.001913309097290039
0.0019078254699707031
0.001903533935546875
0.0019304752349853516
0.0012173652648925781
0.0016520023345947266
0.0018551349639892578
0.0018639564514160156
0.001867532730102539
0.0018830299377441406
0.0018649101257324219
0.0018966197967529297
0.0019009113311767578
0.001917123794555664
0.0018968582153320312
0.0010437965393066406
0.0018112659454345703
0.001177072525024414
0.0016245841979980469
0.0018322467803955078
0.00186920166015625
0.001870870590209961
0.0018875598907470703
0.0018680095672607422
0.001901388168334961
0.0019071102142333984
0.0019168853759765625
0.0018694400787353516
0.0010325908660888672
0.001756429672241211
0.0018529891967773438
0.001848459243774414
0.0018427371978759766
0.0018699169158935547
0.001888275146484375
0.001878976821899414
0.0018761157989501953
0.0019044876098632812
0.0012030601501464844
0.0016260147094726562
0.0018310546875
0.0018389225006103516
0.001840353012084961
0.0018553733825683594
0.0018393993377685547
0.001867055892944336
0.0018744468688964844
0.001890420913696289
0.0018689632415771484
0.0009963512420654297
0.0018131732940673828
0.0011768341064453125
0.0015959739685058594
0.0018033981323242188
0.0018343925476074219
0.001840829849243164
0.0018575191497802734
0.0018372535705566406
0.0018677711486816406
0.0018763542175292969
0.0018873214721679688
0.0018477439880371094
0.001024484634399414
0.0017337799072265625
0.0018258094787597656
0.0018198490142822266
0.001811981201171875
0.001840353012084961
0.0018565654754638672
0.001851797103881836
0.001844167709350586
0.0018727779388427734
0.0011897087097167969
0.0016164779663085938
0.0018155574798583984
0.0010101795196533203
0.0017039775848388672
0.0018279552459716797
0.0018203258514404297
0.0018124580383300781
0.0018420219421386719
0.0018587112426757812
0.0018537044525146484
0.0018448829650878906
0.0018651485443115234
0.0011658668518066406
0.0015926361083984375
0.0017859935760498047
0.0018115043640136719
0.0018188953399658203
0.0018298625946044922
0.001813650131225586
0.0018417835235595703
0.0018515586853027344
0.0018641948699951172
0.0018398761749267578
0.0010216236114501953
0.0017325878143310547
0.0011417865753173828
0.0015785694122314453
0.0017812252044677734
0.0018105506896972656
0.0018177032470703125
0.0018336772918701172
0.0018124580383300781
0.001842498779296875
0.001848459243774414
0.0018608570098876953
0.0018088817596435547
0.0009982585906982422
0.001706838607788086
0.0017960071563720703
0.0017933845520019531
0.0017795562744140625
0.0018100738525390625
0.0018265247344970703
0.0018224716186523438
0.0018131732940673828
0.0018420219421386719
0.0011529922485351562
0.0016026496887207031
0.0017826557159423828
0.0017821788787841797
0.0017838478088378906
0.0017995834350585938
0.0017788410186767578
0.001804351806640625
0.0018126964569091797
0.0018320083618164062
0.0018062591552734375
0.0018317699432373047
0.0018231868743896484
0.0018074512481689453
0.0017578601837158203
0.0017747879028320312
0.0017852783203125
0.0018000602722167969
0.0017790794372558594
0.0018031597137451172
0.0018188953399658203
0.001829385757446289
0.0018076896667480469
0.0010008811950683594
0.0017046928405761719
0.0011439323425292969
0.0015406608581542969
0.0017457008361816406
0.0017719268798828125
0.0017790794372558594
0.0017981529235839844
0.0017743110656738281
0.0018010139465332031
0.0018138885498046875
0.0018258094787597656
0.0017910003662109375
0.001003265380859375
0.0016722679138183594
0.0011112689971923828
0.0015442371368408203
0.0017473697662353516
0.0017726421356201172
0.0017821788787841797
0.0017969608306884766
0.0017762184143066406
0.001802206039428711
0.0018150806427001953
0.0018160343170166016
0.0017690658569335938
0.0017664432525634766
0.0017557144165039062
0.0017657279968261719
0.001743316650390625
0.001766204833984375
0.0017795562744140625
0.0017943382263183594
0.0017735958099365234
0.0017960071563720703
0.0018050670623779297
0.0017936229705810547
0.0017476081848144531
0.0017437934875488281
0.0017468929290771484
0.0017628669738769531
0.001741647720336914
0.0017626285552978516
0.0017781257629394531
0.001794576644897461
0.0017726421356201172
0.001795053482055664
0.0017879009246826172
0.0017764568328857422
0.0017309188842773438
0.0017321109771728516
0.0017435550689697266
0.0017614364624023438
0.0017399787902832031
0.0017578601837158203
0.0017848014831542969
0.0017800331115722656
0.00177001953125
0.0017805099487304688
0.0017740726470947266
0.0017600059509277344
0.0017178058624267578
0.0017354488372802734
0.0017457008361816406
0.0017652511596679688
0.0017428398132324219
0.0017616748809814453
0.00177764892578125
0.0017926692962646484
0.0017695426940917969
0.0017642974853515625
0.0017578601837158203
0.0017447471618652344
0.0017108917236328125
0.0017282962799072266
0.0017421245574951172
0.001768350601196289
0.001734018325805664
0.0017552375793457031
0.0017702579498291016
0.0017926692962646484
0.0017540454864501953
0.0017430782318115234
0.0017380714416503906
0.0017328262329101562
0.0017108917236328125
0.0017216205596923828
0.0017404556274414062
0.0017573833465576172
0.0017364025115966797
0.001750946044921875
0.00177001953125
0.0017828941345214844
0.0017361640930175781
0.0017278194427490234
0.0017211437225341797
0.0017244815826416016
0.001703500747680664
0.0017151832580566406
0.0017309188842773438
0.0017523765563964844
0.0017325878143310547
0.001743316650390625
0.0017633438110351562
0.0017654895782470703
0.0017199516296386719
0.0017101764678955078
0.0017070770263671875
0.0017173290252685547
0.0016994476318359375
0.0017075538635253906
0.0017206668853759766
0.0017483234405517578
0.0017278194427490234
0.0017325878143310547
0.0017466545104980469
0.0017535686492919922
0.0017113685607910156
0.0016891956329345703
0.0016939640045166016
0.0017154216766357422
0.0016973018646240234
0.0016987323760986328
0.0017173290252685547
0.001743316650390625
0.0017199516296386719
0.001728057861328125
0.0017402172088623047
0.0017361640930175781
0.0016934871673583984
0.001680135726928711
0.0016872882843017578
0.0017085075378417969
0.0016903877258300781
0.0016939640045166016
0.0017096996307373047
0.0017361640930175781
0.0017151832580566406
0.0017206668853759766
0.0017235279083251953
0.0017232894897460938
0.0016820430755615234
0.0016641616821289062
0.0016734600067138672
0.0017001628875732422
0.001684427261352539
0.0016777515411376953
0.001699209213256836
0.0017261505126953125
0.0017085075378417969
0.0017054080963134766
0.001708984375
0.0017118453979492188
0.0016720294952392578
0.0016503334045410156
0.0016632080078125
0.0016939640045166016
0.001676321029663086
0.0016672611236572266
0.001687765121459961
0.0017173290252685547
0.0017011165618896484
0.001689910888671875
0.0016963481903076172
0.0017001628875732422
0.0016624927520751953
0.001638650894165039
0.001650094985961914
0.0016849040985107422
0.001668691635131836
0.0016543865203857422
0.0016739368438720703
0.0017066001892089844
0.0016949176788330078
0.0016741752624511719
0.0016765594482421875
0.0016887187957763672
0.001657247543334961
0.0016248226165771484
0.0016205310821533203
0.0016665458679199219
0.0016646385192871094
0.0016474723815917969
0.0016405582427978516
0.001676797866821289
0.0016772747039794922
0.0016579627990722656
0.0016355514526367188
0.00165557861328125
0.0016341209411621094
0.00160980224609375
0.0015940666198730469
0.0016357898712158203
0.0016210079193115234
0.0016071796417236328
0.001535654067993164
0.0016505718231201172
0.0016455650329589844
0.0016283988952636719
0.0016090869903564453
0.0016279220581054688
0.0016067028045654297
0.0015773773193359375
0.001561880111694336
0.0015995502471923828
0.0016009807586669922
0.0015845298767089844
0.0015735626220703125
0.0016095638275146484
0.0016074180603027344
0.0015935897827148438
0.0015859603881835938
0.0016086101531982422
0.001589059829711914
0.001562356948852539
0.0015401840209960938
0.0015544891357421875
0.0015599727630615234
0.001550436019897461
0.0015499591827392578
0.0015902519226074219
0.0015726089477539062
0.0015633106231689453
0.0015597343444824219
0.0016031265258789062
0.0015683174133300781
0.0015528202056884766
0.0015189647674560547
0.0015406608581542969
0.0015299320220947266
0.001523733139038086
0.0015285015106201172
0.0015592575073242188
0.0015530586242675781
0.0015330314636230469
0.0015289783477783203
0.0015680789947509766
0.0015621185302734375
0.001538991928100586
0.0015134811401367188
0.0015358924865722656
0.0015113353729248047
0.0014955997467041016
0.001500844955444336
0.0015382766723632812
0.001531839370727539
0.0015180110931396484
0.00150299072265625
0.0015404224395751953
0.0015385150909423828
0.001527547836303711
0.0015134811401367188
0.0015320777893066406
0.00150299072265625
0.001482248306274414
0.0014739036560058594
0.0015141963958740234
0.0015113353729248047
0.0014941692352294922
0.0014846324920654297
0.0015158653259277344
0.0015177726745605469
0.0015020370483398438
0.0014986991882324219
0.001520395278930664
0.0015053749084472656
0.0014801025390625
0.0014581680297851562
0.0014772415161132812
0.0014748573303222656
0.0014622211456298828
0.001462697982788086
0.001497507095336914
0.0014922618865966797
0.0014736652374267578
0.0014641284942626953
0.0015025138854980469
0.0014941692352294922
0.0014777183532714844
0.0014600753784179688
0.0014801025390625
0.0014507770538330078
0.0014390945434570312
0.0014426708221435547
0.0014791488647460938
0.0014727115631103516
0.0014576911926269531
0.001444101333618164
0.001478433609008789
0.0014789104461669922
0.0014717578887939453
0.0014646053314208984
0.0014793872833251953
0.0014531612396240234
0.0014312267303466797
0.0014221668243408203
0.0014564990997314453
0.0014507770538330078
0.001440286636352539
0.0014255046844482422
0.0014607906341552734
0.0014584064483642578
0.0014431476593017578
0.0014424324035644531
0.00147247314453125
0.0014622211456298828
0.0014393329620361328
0.001417398452758789
0.0014317035675048828
0.0014202594757080078
0.0014069080352783203
0.0014138221740722656
0.0014417171478271484
0.001435995101928711
0.0014274120330810547
0.0014119148254394531
0.001445770263671875
0.001443624496459961
0.0014300346374511719
0.0014226436614990234
0.0014431476593017578
0.001422882080078125
0.0013997554779052734
0.001382589340209961
0.0014119148254394531
0.0014116764068603516
0.0014042854309082031
0.0013995170593261719
0.0014352798461914062
0.001416921615600586
0.0014071464538574219
0.001409769058227539
0.0014410018920898438
0.0014302730560302734
0.001407623291015625
0.0013852119445800781
0.0014040470123291016
0.0013947486877441406
0.0013782978057861328
0.0013799667358398438
0.0014121532440185547
0.001405954360961914
0.0013916492462158203
0.0013806819915771484
0.001413583755493164
0.001413106918334961
0.0014042854309082031
0.0013947486877441406
0.0014183521270751953
0.0013914108276367188
0.0013718605041503906
0.0013625621795654297
0.001390695571899414
0.0013885498046875
0.001379251480102539
0.0013625621795654297
0.0013926029205322266
0.0013916492462158203
0.0013773441314697266
0.0013794898986816406
0.0014116764068603516
0.0014042854309082031
0.0014379024505615234
0.0013244152069091797
0.0013499259948730469
0.001310586929321289
0.0013194084167480469
0.0013496875762939453
0.0013823509216308594
0.0013701915740966797
0.0013580322265625
0.0013499259948730469
0.0013833045959472656
0.0013842582702636719
0.0013747215270996094
0.0013701915740966797
0.0013976097106933594
0.0013720989227294922
0.001352071762084961
0.0013442039489746094
0.001371145248413086
0.0013592243194580078
0.001348733901977539
0.00133514404296875
0.0013644695281982422
0.0013594627380371094
0.0013477802276611328
0.0013527870178222656
0.001379251480102539
0.0013778209686279297
0.0013661384582519531
0.0013477802276611328
0.00136566162109375
0.0013585090637207031
0.0013391971588134766
0.0013279914855957031
0.001348257064819336
0.001348257064819336
0.0013308525085449219
0.0013251304626464844
0.0013537406921386719
0.0013523101806640625
0.0013470649719238281
0.0013430118560791016
0.0013728141784667969
0.001354217529296875
0.0013418197631835938
0.0013320446014404297
0.001355886459350586
0.0013451576232910156
0.0013275146484375
0.0013232231140136719
0.0013206005096435547
0.001332998275756836
0.0013248920440673828
0.0013275146484375
0.0013530254364013672
0.0013473033905029297
0.0013337135314941406
0.0013256072998046875
0.0013592243194580078
0.0013527870178222656
0.0013306140899658203
0.0013129711151123047
0.0013382434844970703
0.0013222694396972656
0.0013065338134765625
0.0012981891632080078
0.001331329345703125
0.0013303756713867188
0.0013227462768554688
0.0013136863708496094
0.0013477802276611328
0.001332998275756836
0.0013213157653808594
0.0013232231140136719
0.001348257064819336
0.001337289810180664
0.0013191699981689453
0.001299142837524414
0.0013163089752197266
0.001310586929321289
0.001299142837524414
0.0013010501861572266
0.001329183578491211
0.0013270378112792969
0.0013086795806884766
0.0013000965118408203
0.0013284683227539062
0.0013279914855957031
0.0013234615325927734
0.0013153553009033203
0.0013360977172851562
0.0013110637664794922
0.0012969970703125
0.0012905597686767578
0.001314401626586914
0.001312255859375
0.0013048648834228516
0.001285552978515625
0.0013163089752197266
0.001313924789428711
0.0012998580932617188
0.0013077259063720703
0.0013320446014404297
0.0013277530670166016
0.0013098716735839844
0.0012924671173095703
0.0013158321380615234
0.0013051033020019531
0.0012891292572021484
0.0012814998626708984
0.0013031959533691406
0.001298666000366211
0.0012862682342529297
0.001276254653930664
0.0013077259063720703
0.0013055801391601562
0.0013010501861572266
0.001298666000366211
0.0013246536254882812
0.0013051033020019531
0.0012938976287841797
0.001285552978515625
0.0013093948364257812
0.0013003349304199219
0.0012826919555664062
0.0012667179107666016
0.0012907981872558594
0.0012919902801513672
0.0012784004211425781
0.001279592514038086
0.0013058185577392578
0.0013041496276855469
0.0012903213500976562
0.001279592514038086
0.0013091564178466797
0.0013039112091064453
0.0012862682342529297
0.001277923583984375
0.0012996196746826172
0.0012774467468261719
0.0012614727020263672
0.0012602806091308594
0.0012927055358886719
0.0012898445129394531
0.0012819766998291016
0.0012657642364501953
0.0012903213500976562
0.0012938976287841797
0.0012791156768798828
0.0012791156768798828
0.001306295394897461
0.0012955665588378906
0.001277923583984375
0.0012621879577636719
0.0012807846069335938
0.0012700557708740234
0.0012586116790771484
0.001256704330444336
0.0012791156768798828
0.0012812614440917969
0.0012657642364501953
0.0012555122375488281
0.001283884048461914
0.0012814998626708984
0.0012760162353515625
0.0012705326080322266
0.001294851303100586
0.001280069351196289
0.001260519027709961
0.001255035400390625
0.0012776851654052734
0.0012693405151367188
0.0012590885162353516
0.0012395381927490234
0.001268625259399414
0.0012636184692382812
0.0012536048889160156
0.0012581348419189453
0.0012841224670410156
0.0012798309326171875
0.0012657642364501953
0.0012569427490234375
0.0012798309326171875
0.0012705326080322266
0.0012602806091308594
0.0012483596801757812
0.0012717247009277344
0.0012543201446533203
0.0012402534484863281
0.0012390613555908203
0.0012688636779785156
0.0012691020965576172
0.0012598037719726562
0.001241445541381836
0.0012691020965576172
0.0012712478637695312
0.0012531280517578125
0.001262664794921875
0.0012841224670410156
0.0012652873992919922
0.0012540817260742188
0.0012333393096923828
0.0012569427490234375
0.0012509822845458984
0.0012390613555908203
0.0012333393096923828
0.0012633800506591797
0.0012536048889160156
0.001241445541381836
0.0012404918670654297
0.0012700557708740234
0.001119852066040039
0.0012581348419189453
0.0012433528900146484
0.001268148422241211
0.001257181167602539
0.0012402534484863281
0.001237630844116211
0.0012562274932861328
0.0012466907501220703
0.001234292984008789
0.0012238025665283203
0.0012493133544921875
0.0012464523315429688
0.0012350082397460938
0.0012354850769042969
0.0012595653533935547
0.0012586116790771484
0.0012426376342773438
0.0012347698211669922
0.0012621879577636719
0.0012476444244384766
0.0012433528900146484
0.0012316703796386719
0.0012507438659667969
0.0012311935424804688
0.0012326240539550781
0.0012111663818359375
0.0012505054473876953
0.0012507438659667969
0.0012421607971191406
0.0012252330780029297
0.0012493133544921875
0.0012500286102294922
0.0012378692626953125
0.0012402534484863281
0.0012629032135009766
0.0012509822845458984
0.0012388229370117188
0.0012240409851074219
0.0012404918670654297
0.0012319087982177734
0.0012204647064208984
0.0012145042419433594
0.0012409687042236328
0.0012431144714355469
0.0012276172637939453
0.0012214183807373047
0.0012466907501220703
0.0012438297271728516
0.0012333393096923828
0.0012323856353759766
0.001252889633178711
0.0012454986572265625
0.0012259483337402344
0.0012135505676269531
0.0012340545654296875
0.001226663589477539
0.0012156963348388672
0.0012111663818359375
0.0012354850769042969
0.0012278556823730469
0.0012161731719970703
0.0012145042419433594
0.0012440681457519531
0.0012428760528564453
0.0012340545654296875
0.0012199878692626953
0.001245260238647461
0.0012362003326416016
0.0012180805206298828
0.0012159347534179688
0.0012333393096923828
0.001224517822265625
0.0012128353118896484
0.0011970996856689453
0.0012235641479492188
0.0012249946594238281
0.0012125968933105469
0.001201629638671875
0.001232147216796875
0.0012278556823730469
0.001218557357788086
0.0012187957763671875
0.0012438297271728516
0.0012328624725341797
0.0012159347534179688
0.0011992454528808594
0.0012259483337402344
0.001215219497680664
0.0012066364288330078
0.0011968612670898438
0.0012226104736328125
0.0012140274047851562
0.0012021064758300781
0.0012078285217285156
0.0012302398681640625
0.001230478286743164
0.001222848892211914
0.0012052059173583984
0.001234292984008789
0.0012311935424804688
0.0012042522430419922
0.0012102127075195312
0.0012309551239013672
0.0012164115905761719
0.0012059211730957031
0.001191854476928711
0.0012094974517822266
0.0012066364288330078
0.0011980533599853516
0.0012018680572509766
0.0012123584747314453
0.001220703125
0.0012085437774658203
0.0011975765228271484
0.0012252330780029297
0.0012214183807373047
0.0012123584747314453
0.001207590103149414
0.0012226104736328125
0.0012087821960449219
0.001194000244140625
0.0011889934539794922
0.0012094974517822266
0.0012116432189941406
0.0012011528015136719
0.0011870861053466797
0.0012149810791015625
0.0012135505676269531
0.0012011528015136719
0.001199960708618164
0.001226663589477539
0.001222848892211914
0.0012154579162597656
0.0011975765228271484
0.0012178421020507812
0.0012164115905761719
0.001194000244140625
0.001184701919555664
0.0012068748474121094
0.0011997222900390625
0.0011911392211914062
0.0011870861053466797
0.0012094974517822266
0.0012111663818359375
0.0011928081512451172
0.0011904239654541016
0.001215219497680664
0.0012166500091552734
0.0012066364288330078
0.001199483871459961
0.0012211799621582031
0.0012040138244628906
0.0011899471282958984
0.0011813640594482422
0.0012063980102539062
0.0012021064758300781
0.0011916160583496094
0.0011737346649169922
0.0012011528015136719
0.0012009143829345703
0.0011870861053466797
0.001194000244140625
0.0012173652648925781
0.001209259033203125
0.0012001991271972656
0.001190185546875
0.0012099742889404297
0.0012044906616210938
0.0011925697326660156
0.0011789798736572266
0.0012040138244628906
0.0011954307556152344
0.001176595687866211
0.0011696815490722656
0.0011963844299316406
0.0011920928955078125
0.0011878013610839844
0.001180887222290039
0.0012104511260986328
0.0011997222900390625
0.0011878013610839844
0.0011858940124511719
0.0012128353118896484
0.0012061595916748047
0.001196146011352539
0.0011746883392333984
0.0011949539184570312
0.0011911392211914062
0.0011725425720214844
0.0011653900146484375
0.0011920928955078125
0.0011875629425048828
0.0011811256408691406
0.001173257827758789
0.0011987686157226562
0.0011987686157226562
0.0011813640594482422
0.0011744499206542969
0.0012023448944091797
0.001195669174194336
0.0011909008026123047
0.0011801719665527344
0.0012011528015136719
0.0011811256408691406
0.0011723041534423828
0.0011653900146484375
0.0011875629425048828
0.001188516616821289
0.0011832714080810547
0.0011625289916992188
0.0011911392211914062
0.0011875629425048828
0.001178741455078125
0.0011796951293945312
0.0012059211730957031
0.0012001991271972656
0.0011870861053466797
0.0011730194091796875
0.0011894702911376953
0.0011861324310302734
0.0011715888977050781
0.0011658668518066406
0.001184225082397461
0.0011820793151855469
0.001172780990600586
0.0011582374572753906
0.0011866092681884766
0.0011749267578125
0.0011713504791259766
0.001177072525024414
0.0011959075927734375
0.001191854476928711
0.0011851787567138672
0.0011680126190185547
0.0011920928955078125
0.0011827945709228516
0.0011718273162841797
0.00115966796875
0.0011820793151855469
0.0011734962463378906
0.001157999038696289
0.0011525154113769531
0.0011777877807617188
0.0011763572692871094
0.0011723041534423828
0.0011682510375976562
0.0011928081512451172
0.0011827945709228516
0.0011723041534423828
0.0011715888977050781
0.0011935234069824219
0.0011909008026123047
0.0011796951293945312
0.0011556148529052734
0.0011792182922363281
0.0011715888977050781
0.0011556148529052734
0.0011548995971679688
0.001178741455078125
0.0011742115020751953
0.0011556148529052734
0.0011544227600097656
0.0011763572692871094
0.0011775493621826172
0.001165151596069336
0.0011668205261230469
0.0011928081512451172
0.0011858940124511719
0.001172780990600586
0.0011599063873291016
0.0011708736419677734
0.0011703968048095703
0.0011546611785888672
0.001146078109741211
0.0011708736419677734
0.0011684894561767578
0.0011615753173828125
0.0011491775512695312
0.001172780990600586
0.0011701583862304688
0.0011632442474365234
0.001149892807006836
0.0011813640594482422
0.001177072525024414
0.0011718273162841797
0.0011625289916992188
0.0011827945709228516
0.001168966293334961
0.0011539459228515625
0.0011458396911621094
0.001169443130493164
0.0011653900146484375
0.0011570453643798828
0.001146078109741211
0.0011739730834960938
0.0011675357818603516
0.0011546611785888672
0.001150369644165039
0.001178741455078125
0.001176595687866211
0.0011708736419677734
0.00115966796875
0.0011818408966064453
0.0011734962463378906
0.0011546611785888672
0.0011467933654785156
0.0011661052703857422
0.0011610984802246094
0.001149892807006836
0.0011487007141113281
0.0011701583862304688
0.0011606216430664062
0.0011510848999023438
0.0011470317840576172
0.0011773109436035156
0.0011758804321289062
0.001168966293334961
0.001149892807006836
0.0011806488037109375
0.0011725425720214844
0.0011556148529052734
0.0011522769927978516
0.001168966293334961
0.001161813735961914
0.0011546611785888672
0.0011348724365234375
0.0011610984802246094
0.0011577606201171875
0.0011491775512695312
0.0011382102966308594
0.0011692047119140625
0.001165151596069336
0.0011568069458007812
0.0011529922485351562
0.0011749267578125
0.0011715888977050781
0.0011546611785888672
0.0011432170867919922
0.0011646747589111328
0.0011544227600097656
0.0011510848999023438
0.001142740249633789
0.0011620521545410156
0.0011477470397949219
0.0011403560638427734
0.0011403560638427734
0.001163482666015625
0.0011658668518066406
0.0011589527130126953
0.0011401176452636719
0.0011641979217529297
0.0011658668518066406
0.001154184341430664
0.0011565685272216797
0.0011749267578125
0.0011649131774902344
0.001149892807006836
0.0011360645294189453
0.0011568069458007812
0.0011487007141113281
0.0011415481567382812
0.0011322498321533203
0.0011620521545410156
0.001155853271484375
0.0011429786682128906
0.0011372566223144531
0.0011606216430664062
0.0011591911315917969
0.001150369644165039
0.0011522769927978516
0.0011706352233886719
0.0011599063873291016
0.0011444091796875
0.0011379718780517578
0.0011591911315917969
0.0011544227600097656
0.0010557174682617188
0.0011096000671386719
0.0011532306671142578
0.0011496543884277344
0.0011348724365234375
0.0011315345764160156
0.0011548995971679688
0.0011553764343261719
0.001146078109741211
0.0011448860168457031
0.0011687278747558594
0.001157999038696289
0.0011439323425292969
0.001138925552368164
0.0011641979217529297
0.0011570453643798828
0.0011487007141113281
0.0011246204376220703
0.0011484622955322266
0.0011429786682128906
0.0011298656463623047
0.0011358261108398438
0.0011568069458007812
0.0011518001556396484
0.0011456012725830078
0.001132965087890625
0.0011563301086425781
0.0011539459228515625
0.0011458396911621094
0.0011429786682128906
0.001163482666015625
0.0011577606201171875
0.001142740249633789
0.001130819320678711
0.0011444091796875
0.0011391639709472656
0.0011286735534667969
0.0011239051818847656
0.0011501312255859375
0.0011479854583740234
0.001138925552368164
0.0011296272277832031
0.0011525154113769531
0.0011487007141113281
0.0011396408081054688
0.001138925552368164
0.0011591911315917969
0.001157999038696289
0.0011467933654785156
0.0011310577392578125
0.0011444091796875
0.0011410713195800781
0.001129150390625
0.0011222362518310547
0.0011413097381591797
0.0011436939239501953
0.001134634017944336
0.0011248588562011719
0.0011410713195800781
0.0011417865753173828
0.001131296157836914
0.001129150390625
0.0011553764343261719
0.0011534690856933594
0.0011444091796875
0.0011315345764160156
0.0011487007141113281
0.0011436939239501953
0.0011279582977294922
0.0011157989501953125
0.0011425018310546875
0.001132965087890625
0.0011262893676757812
0.0011219978332519531
0.0011425018310546875
0.0011372566223144531
0.0011250972747802734
0.0011203289031982422
0.0011451244354248047
0.001146554946899414
0.0011413097381591797
0.0011301040649414062
0.001157522201538086
0.0011417865753173828
0.0011315345764160156
0.0011212825775146484
0.0011479854583740234
0.001142263412475586
0.0011334419250488281
0.0011093616485595703
0.001134634017944336
0.0011341571807861328
0.0011210441589355469
0.0011284351348876953
0.0011506080627441406
0.0011425018310546875
0.0011377334594726562
0.0011255741119384766
0.0011475086212158203
0.001142263412475586
0.0011324882507324219
0.0011377334594726562
0.0011403560638427734
0.0011413097381591797
0.0011296272277832031
0.0011174678802490234
0.0011298656463623047
0.0011260509490966797
0.0011162757873535156
0.0011186599731445312
0.001140594482421875
0.0011386871337890625
0.0011332035064697266
0.001119852066040039
0.0011363029479980469
0.001138448715209961
0.0011267662048339844
0.0011286735534667969
0.0011467933654785156
0.001142740249633789
0.0011293888092041016
0.0011138916015625
0.0011298656463623047
0.0011250972747802734
0.0011110305786132812
0.0011107921600341797
0.0011320114135742188
0.0011320114135742188
0.0011241436004638672
0.0011126995086669922
0.0011315345764160156
0.0011303424835205078
0.0011200904846191406
0.001123189926147461
0.0011439323425292969
0.001142263412475586
0.0011305809020996094
0.0011126995086669922
0.001131296157836914
0.0011258125305175781
0.0011112689971923828
0.0011110305786132812
0.0011286735534667969
0.0011265277862548828
0.0011165142059326172
0.0011065006256103516
0.0011279582977294922
0.0011243820190429688
0.0011157989501953125
0.001117706298828125
0.0011394023895263672
0.0011377334594726562
0.001129150390625
0.0011157989501953125
0.001132965087890625
0.0011246204376220703
0.0011148452758789062
0.001112222671508789
0.0011296272277832031
0.0011243820190429688
0.0011167526245117188
0.0011014938354492188
0.0011203289031982422
0.0011181831359863281
0.0011091232299804688
0.0011126995086669922
0.0011296272277832031
0.0011332035064697266
0.0011260509490966797
0.0011146068572998047
0.0011301040649414062
0.0011298656463623047
0.0011169910430908203
0.0011055469512939453
0.0011336803436279297
0.0011234283447265625
0.0011136531829833984
0.0011019706726074219
0.0011138916015625
0.0011179447174072266
0.001104116439819336
0.0010991096496582031
0.0011286735534667969
0.0011229515075683594
0.0011188983917236328
0.0011050701141357422
0.0011310577392578125
0.001127481460571289
0.0011148452758789062
0.0011088848114013672
0.0011303424835205078
0.0011224746704101562
0.0011134147644042969
0.0010981559753417969
0.0011200904846191406
0.0011153221130371094
0.0011005401611328125
0.001093149185180664
0.0011174678802490234
0.0011141300201416016
0.0011055469512939453
0.0011017322540283203
0.0011246204376220703
0.0011227130889892578
0.0011150836944580078
0.0011034011840820312
0.0011277198791503906
0.001116037368774414
0.0011060237884521484
0.0011019706726074219
0.0011205673217773438
0.0011174678802490234
0.0011050701141357422
0.0010924339294433594
0.0011074542999267578
0.001104593276977539
0.0010955333709716797
0.0010950565338134766
0.001117706298828125
0.0011179447174072266
0.0011112689971923828
0.0011000633239746094
0.0011172294616699219
0.0011148452758789062
0.0011072158813476562
0.0011038780212402344
0.0011208057403564453
0.0011208057403564453
0.001107931137084961
0.0010912418365478516
0.0011088848114013672
0.001102447509765625
0.0010912418365478516
0.0010912418365478516
0.0011107921600341797
0.0011115074157714844
0.0011053085327148438
0.0010929107666015625
0.0011103153228759766
0.0011096000671386719
0.0011048316955566406
0.001094818115234375
0.001119375228881836
0.0011208057403564453
0.0011076927185058594
0.0010919570922851562
0.0011072158813476562
0.0011012554168701172
0.0010917186737060547
0.001087188720703125
0.00110626220703125
0.0011060237884521484
0.0010955333709716797
0.0010867118835449219
0.0011010169982910156
0.0011036396026611328
0.0010933876037597656
0.0010921955108642578
0.0011138916015625
0.001115560531616211
0.0011055469512939453
0.0010945796966552734
0.001111745834350586
0.001104593276977539
0.0010962486267089844
0.0010805130004882812
0.001104116439819336
0.0011401176452636719
0.0010766983032226562
0.001077890396118164
0.0010943412780761719
0.0010917186737060547
0.0010802745819091797
0.0010731220245361328
0.0010950565338134766
0.0010943412780761719
0.0010914802551269531
0.001088857650756836
0.0011081695556640625
0.0010974407196044922
0.0010914802551269531
0.0010700225830078125
0.0010972023010253906
0.001096487045288086
0.0010862350463867188
0.001077413558959961
0.0010981559753417969
0.0010881423950195312
0.0010724067687988281
0.0010745525360107422
0.0010955333709716797
0.0011026859283447266
0.0010900497436523438
0.0010764598846435547
0.001104116439819336
0.0010995864868164062
0.0010845661163330078
0.0010824203491210938
0.0011055469512939453
0.0010972023010253906
0.0010890960693359375
0.0010750293731689453
0.0010995864868164062
0.0010921955108642578
0.0010764598846435547
0.0011358261108398438
0.0010190010070800781
0.0010859966278076172
0.0010824203491210938
0.0010800361633300781
0.0010974407196044922
0.0010943412780761719
0.0010819435119628906
0.0010755062103271484
0.0010993480682373047
0.0010983943939208984
0.001094818115234375
0.0010807514190673828
0.0011026859283447266
0.001088857650756836
0.0010819435119628906
0.001065969467163086
0.001093149185180664
0.0010914802551269531
0.0010826587677001953
0.0010671615600585938
0.0010943412780761719
0.001094818115234375
0.001074075698852539
0.0010738372802734375
0.0010983943939208984
0.0010950565338134766
0.0010905265808105469
0.0010843276977539062
0.00110626220703125
0.0010628700256347656
0.0010788440704345703
0.00107574462890625
0.0011005401611328125
0.0010864734649658203
0.0010867118835449219
0.001064300537109375
0.001094818115234375
0.0010867118835449219
0.0010745525360107422
0.0010752677917480469
0.0010912418365478516
0.0010962486267089844
0.0010852813720703125
0.0010802745819091797
0.0010979175567626953
0.001096963882446289
0.0010874271392822266
0.0010738372802734375
0.0010957717895507812
0.0010912418365478516
0.0010840892791748047
0.0010728836059570312
0.0010914802551269531
0.0010845661163330078
0.0010635852813720703
0.0010654926300048828
0.0010874271392822266
0.0010883808135986328
0.0010869503021240234
0.0010814666748046875
0.0011038780212402344
0.0010914802551269531
0.0010836124420166016
0.001081228256225586
0.001104116439819336
0.0011048316955566406
0.001093149185180664
0.0010728836059570312
0.0011165142059326172
0.0010707378387451172
0.00107574462890625
0.0008280277252197266
0.0010638236999511719
0.0010790824890136719
0.001077890396118164
0.0010688304901123047
0.0010917186737060547
0.0010905265808105469
0.001081228256225586
0.0010783672332763672
0.0010986328125
0.0010995864868164062
0.0010917186737060547
0.001079559326171875
0.0010974407196044922
0.0010933876037597656
0.0010802745819091797
0.0010685920715332031
0.0010898113250732422
0.0010859966278076172
0.0010743141174316406
0.0010673999786376953
0.0010895729064941406
0.0010857582092285156
0.0010843276977539062
0.0010652542114257812
0.0010945796966552734
0.0010840892791748047
0.0010769367218017578
0.0010900497436523438
0.0010876655578613281
0.001096963882446289
0.0010852813720703125
0.0010688304901123047
0.001089334487915039
0.0010828971862792969
0.0010724067687988281
0.0010671615600585938
0.001087188720703125
0.0010802745819091797
0.0010755062103271484
0.0010645389556884766
0.0010824203491210938
0.0010781288146972656
0.0010716915130615234
0.0010709762573242188
0.001093149185180664
0.0010917186737060547
0.0010862350463867188
0.0010712146759033203
0.001093149185180664
0.0010869503021240234
0.001074075698852539
0.001066446304321289
0.001085519790649414
0.0010814666748046875
0.0010731220245361328
0.001064300537109375
0.0010821819305419922
0.0010797977447509766
0.0010678768157958984
0.0010600090026855469
0.0010831356048583984
0.0010826587677001953
0.0010836124420166016
0.0010724067687988281
0.0010979175567626953
0.001085519790649414
0.0010771751403808594
0.0010712146759033203
0.0010917186737060547
0.0010917186737060547
0.0010793209075927734
0.0010600090026855469
0.0010828971862792969
0.0010793209075927734
0.0010638236999511719
0.0010645389556884766
0.0010857582092285156
0.0010809898376464844
0.0010771751403808594
0.0010612010955810547
0.0010874271392822266
0.001085042953491211
0.0010759830474853516
0.0010704994201660156
0.001096963882446289
0.0010883808135986328
0.001079559326171875
0.0010650157928466797
0.001085042953491211
0.0010800361633300781
0.001064300537109375
0.0010573863983154297
0.001079559326171875
0.0010755062103271484
0.0010669231414794922
0.0010700225830078125
0.0010800361633300781
0.0010790824890136719
0.0010685920715332031
0.0010600090026855469
0.0010862350463867188
0.0010857582092285156
0.0010819435119628906
0.0010762214660644531
0.0010912418365478516
0.0010807514190673828
0.0010714530944824219
0.0010590553283691406
0.0010836124420166016
0.0010809898376464844
0.001073598861694336
0.0010561943054199219
0.0010800361633300781
0.0010766983032226562
0.0010647773742675781
0.0010571479797363281
0.0010845661163330078
0.0010831356048583984
0.0010731220245361328
0.0010693073272705078
0.0010938644409179688
0.0010864734649658203
0.0010716915130615234
0.0010614395141601562
0.0010848045349121094
0.0010800361633300781
0.0010738372802734375
0.0010657310485839844
0.0010869503021240234
0.0010690689086914062
0.0010602474212646484
0.0010564327239990234
0.0010821819305419922
0.0010755062103271484
0.0010766983032226562
0.0010609626770019531
0.0010886192321777344
0.0010845661163330078
0.0010693073272705078
0.0010700225830078125
0.001085519790649414
0.0010840892791748047
0.0010750293731689453
0.0010688304901123047
0.001085519790649414
0.0010747909545898438
0.001062631607055664
0.0010552406311035156
0.0010797977447509766
0.0010762214660644531
0.0010743141174316406
0.0010554790496826172
0.0010809898376464844
0.001079559326171875
0.0010724067687988281
0.0010600090026855469
0.0010876655578613281
0.0010848045349121094
0.0010759830474853516
0.0010707378387451172
0.0010876655578613281
0.001085042953491211
0.001066446304321289
0.001056671142578125
0.0010766983032226562
0.0010755062103271484
0.0010602474212646484
0.0010635852813720703
0.0010781288146972656
0.0010714530944824219
0.0010645389556884766
0.0010538101196289062
0.0010771751403808594
0.0010766983032226562
0.0010783672332763672
0.0010690689086914062
0.0010957717895507812
0.0010762214660644531
0.0010700225830078125
0.0010595321655273438
0.001081228256225586
0.0010814666748046875
0.0010688304901123047
0.0010631084442138672
0.0010800361633300781
0.001069784164428711
0.0010602474212646484
0.0010547637939453125
0.0010771751403808594
0.0010776519775390625
0.0010731220245361328
0.001062631607055664
0.001088857650756836
0.0010828971862792969
0.001069784164428711
0.0010650157928466797
0.0010845661163330078
0.0010819435119628906
0.0010776519775390625
0.001064300537109375
0.0010867118835449219
0.001071929931640625
0.0010631084442138672
0.0010569095611572266
0.001077890396118164
0.001079559326171875
0.0010728836059570312
0.0010530948638916016
0.0010800361633300781
0.0010793209075927734
0.0010673999786376953
0.0010685920715332031
0.0010905265808105469
0.0010881423950195312
0.001077890396118164
0.0010640621185302734
0.0010807514190673828
0.0010793209075927734
0.001066446304321289
0.0010581016540527344
0.0010843276977539062
0.0010738372802734375
0.0010654926300048828
0.0010540485382080078
0.001073598861694336
0.001071929931640625
0.0010628700256347656
0.0010499954223632812
0.0010786056518554688
0.0010759830474853516
0.0010716915130615234
0.0010700225830078125
0.001089334487915039
0.0010781288146972656
0.001069784164428711
0.001056671142578125
0.0010769367218017578
0.0010752677917480469
0.0010671615600585938
0.001062631607055664
0.001077413558959961
0.0010671615600585938
0.0010571479797363281
0.0010497570037841797
0.001074075698852539
0.0010726451873779297
0.0010750293731689453
0.0010614395141601562
0.0010857582092285156
0.0010759830474853516
0.001068115234375
0.0010652542114257812
0.0010852813720703125
0.0010845661163330078
0.0010762214660644531
0.0010526180267333984
0.0010781288146972656
0.0010747909545898438
0.0010528564453125
0.0010526180267333984
0.0010755062103271484
0.0010724067687988281
0.0010612010955810547
0.0010519027709960938
0.0010769367218017578
0.0010747909545898438
0.0010652542114257812
0.0010552406311035156
0.0010857582092285156
0.0010766983032226562
0.0010676383972167969
0.0010676383972167969
0.001085519790649414
0.0010712146759033203
0.0010633468627929688
0.0010483264923095703
0.001069784164428711
0.001065969467163086
0.0010559558868408203
0.0010571479797363281
0.0010724067687988281
0.0010650157928466797
0.0010576248168945312
0.0010504722595214844
0.0010693073272705078
0.0010709762573242188
0.0010731220245361328
0.0010652542114257812
0.0010859966278076172
0.0010716915130615234
0.0010638236999511719
0.0010523796081542969
0.0010783672332763672
0.0010733604431152344
0.0010714530944824219
0.0010478496551513672
0.0010712146759033203
0.0010666847229003906
0.0010547637939453125
0.0010409355163574219
0.0010714530944824219
0.001065969467163086
0.0010669231414794922
0.0010597705841064453
0.0010836124420166016
0.00109100341796875
0.0010437965393066406
0.0010585784912109375
0.0010802745819091797
0.0010807514190673828
0.0010695457458496094
0.0010502338409423828
0.001074075698852539
0.0010688304901123047
0.001054525375366211
0.0010492801666259766
0.001070261001586914
0.0010662078857421875
0.0010592937469482422
0.0010480880737304688
0.001073598861694336
0.001070261001586914
0.0010595321655273438
0.0010552406311035156
0.0010828971862792969
0.0010755062103271484
0.001065969467163086
0.0010547637939453125
0.001074075698852539
0.001068115234375
0.0010585784912109375
0.001051187515258789
0.0010662078857421875
0.0010688304901123047
0.0010552406311035156
0.0010442733764648438
0.0010647773742675781
0.001062154769897461
0.0010526180267333984
0.0010440349578857422
0.001069784164428711
0.001064300537109375
0.0010633468627929688
0.0010623931884765625
0.0010766983032226562
0.0010728836059570312
0.0010638236999511719
0.0010437965393066406
0.0010673999786376953
0.0010640621185302734
0.0010597705841064453
0.0010485649108886719
0.0010704994201660156
0.0010581016540527344
0.0010504722595214844
0.0010387897491455078
0.0010635852813720703
0.0010619163513183594
0.001062631607055664
0.0010561943054199219
0.0010781288146972656
0.0010673999786376953
0.0010564327239990234
0.0010538101196289062
0.0010771751403808594
0.0010731220245361328
0.0010690689086914062
0.0010483264923095703
0.0010771751403808594
0.0010559558868408203
0.001051187515258789
0.0010418891906738281
0.0010673999786376953
0.0010564327239990234
0.0010516643524169922
0.0010480880737304688
0.0008835792541503906
0.0010592937469482422
0.0010578632354736328
0.0010464191436767578
0.0010695457458496094
0.0010683536529541016
0.0010597705841064453
0.0010573863983154297
0.0010738372802734375
0.0010662078857421875
0.0010573863983154297
0.0010466575622558594
0.0010614395141601562
0.0010571479797363281
0.0010521411895751953
0.0010433197021484375
0.0010612010955810547
0.0010573863983154297
0.0010526180267333984
0.0010402202606201172
0.001065969467163086
0.0010607242584228516
0.001055002212524414
0.0010538101196289062
0.0010747909545898438
0.0010712146759033203
0.0010662078857421875
0.0010442733764648438
0.0010628700256347656
0.0010633468627929688
0.0010499954223632812
0.0010421276092529297
0.0010633468627929688
0.0010602474212646484
0.0010504722595214844
0.0010411739349365234
0.0010571479797363281
0.0011138916015625
0.0009889602661132812
0.0010428428649902344
0.0010654926300048828
0.0010690689086914062
0.0010559558868408203
0.001050710678100586
0.0010728836059570312
0.001065969467163086
0.0010514259338378906
0.0010409355163574219
0.0010650157928466797
0.0010595321655273438
0.0010499954223632812
0.0010457038879394531
0.0010623931884765625
0.0010523796081542969
0.0010416507720947266
0.0010373592376708984
0.0010616779327392578
0.0010523796081542969
0.0010578632354736328
0.0010504722595214844
0.0010807514190673828
0.001058816909790039
0.0010557174682617188
0.0010476112365722656
0.0010700225830078125
0.0010662078857421875
0.0010616779327392578
0.00104522705078125
0.0010633468627929688
0.0010614395141601562
0.0010449886322021484
0.0010383129119873047
0.001056671142578125
0.0010561943054199219
0.0010461807250976562
0.0010492801666259766
0.0010671615600585938
0.001058816909790039
0.0010540485382080078
0.0010428428649902344
0.0010623931884765625
0.0010647773742675781
0.0010657310485839844
0.0010523796081542969
0.0010721683502197266
0.0010590553283691406
0.0010509490966796875
0.0010383129119873047
0.0010612010955810547
0.0010607242584228516
0.0010523796081542969
0.001043081283569336
0.0010607242584228516
0.0010578632354736328
0.0010466575622558594
0.0010406970977783203
0.0010631084442138672
0.0010676383972167969
0.0010578632354736328
0.0010533332824707031
0.0010766983032226562
0.0010638236999511719
0.0010499954223632812
0.0010488033294677734
0.0010685920715332031
0.0010652542114257812
0.001062154769897461
0.001039266586303711
0.001062631607055664
0.001058816909790039
0.0010447502136230469
0.001035451889038086
0.0010650157928466797
0.0010561943054199219
0.0010528564453125
0.0010533332824707031
0.001071929931640625
0.0010602474212646484
0.0010561943054199219
0.0010445117950439453
0.0010693073272705078
0.0010640621185302734
0.0010600090026855469
0.0010495185852050781
0.0010700225830078125
0.0010552406311035156
0.0010471343994140625
0.0010418891906738281
0.0010576248168945312
0.0010590553283691406
0.0010547637939453125
0.001041412353515625
0.001062631607055664
0.0010633468627929688
0.0010495185852050781
0.0010416507720947266
0.001068115234375
0.0010647773742675781
0.0010581016540527344
0.0010285377502441406
0.0010704994201660156
0.0010609626770019531
0.001054525375366211
0.0010356903076171875
0.0010614395141601562
0.0010576248168945312
0.001054525375366211
0.0010428428649902344
0.0010640621185302734
0.0010538101196289062
0.0010478496551513672
0.0010395050048828125
0.001062154769897461
0.001087188720703125
0.001035928726196289
0.0010535717010498047
0.0010747909545898438
0.0010685920715332031
0.0010497570037841797
0.0010483264923095703
0.0010688304901123047
0.0010673999786376953
0.001058340072631836
0.001039743423461914
0.001064300537109375
0.0010581016540527344
0.0010454654693603516
0.0010385513305664062
0.0010652542114257812
0.0010569095611572266
0.0010535717010498047
0.0010404586791992188
0.001068115234375
0.0010607242584228516
0.0010559558868408203
0.0010466575622558594
0.0010704994201660156
0.0010662078857421875
0.0010557174682617188
0.0010440349578857422
0.001066446304321289
0.0010578632354736328
0.0010464191436767578
0.0010404586791992188
0.0010526180267333984
0.0010502338409423828
0.001043558120727539
0.001039743423461914
0.0010590553283691406
0.0010581016540527344
0.0010521411895751953
0.001039743423461914
0.0010614395141601562
0.0010535717010498047
0.0010499954223632812
0.0010488033294677734
0.0010678768157958984
0.00106048583984375
0.001058340072631836
0.0010349750518798828
0.0010516643524169922
0.0010499954223632812
0.0010399818420410156
0.0010361671447753906
0.0010552406311035156
0.0010530948638916016
0.0010492801666259766
0.0010335445404052734
0.0010521411895751953
0.0010499954223632812
0.0010421276092529297
0.001043081283569336
0.0010669231414794922
0.0010628700256347656
0.0010313987731933594
0.0010378360748291016
0.0010561943054199219
0.0010557174682617188
0.0010371208190917969
0.0010418891906738281
0.001058816909790039
0.001055002212524414
0.0010423660278320312
0.0010318756103515625
0.0010461807250976562
0.0010447502136230469
0.0010373592376708984
0.001035928726196289
0.0010557174682617188
0.0010564327239990234
0.0010497570037841797
0.001039266586303711
0.0010612010955810547
0.0010564327239990234
0.0010442733764648438
0.0010340213775634766
0.001056671142578125
0.0010485649108886719
0.0010385513305664062
0.0010347366333007812
0.0010535717010498047
0.0010471343994140625
0.0010378360748291016
0.0010249614715576172
0.0010495185852050781
0.0010442733764648438
0.0010383129119873047
0.0010313987731933594
0.001055002212524414
0.0010514259338378906
0.00104522705078125
0.0010378360748291016
0.0010538101196289062
0.0010514259338378906
0.0010383129119873047
0.00103759765625
0.0010519027709960938
0.0010461807250976562
0.0010340213775634766
0.0010263919830322266
0.0010440349578857422
0.0010383129119873047
0.0010325908660888672
0.0010254383087158203
0.001047372817993164
0.0010447502136230469
0.0010616779327392578
0.0009965896606445312
0.0010504722595214844
0.0010476112365722656
0.0010442733764648438
0.00103759765625
0.0010557174682617188
0.0010483264923095703
0.0010411739349365234
0.0010263919830322266
0.00104522705078125
0.0010406970977783203
0.0010313987731933594
0.0010247230529785156
0.0010461807250976562
0.0010395050048828125
0.001032114028930664
0.0010218620300292969
0.0010461807250976562
0.0010666847229003906
0.0010104179382324219
0.0010304450988769531
0.0010535717010498047
0.0010499954223632812
0.0010385513305664062
0.0010304450988769531
0.0010492801666259766
0.001047372817993164
0.001033782958984375
0.0010242462158203125
0.001043558120727539
0.0010421276092529297
0.0010302066802978516
0.0010170936584472656
0.0010409355163574219
0.0010356903076171875
0.0010273456573486328
0.0010235309600830078
0.0010457038879394531
0.0010406970977783203
0.001031637191772461
0.0010263919830322266
0.0010471343994140625
0.0010423660278320312
0.0010333061218261719
0.0010330677032470703
0.0010504722595214844
0.0010428428649902344
0.001035451889038086
0.0010232925415039062
0.0010328292846679688
0.0010356903076171875
0.0010249614715576172
0.0010228157043457031
0.0010426044464111328
0.0010390281677246094
0.0010356903076171875
0.0010235309600830078
0.0010411739349365234
0.0010402202606201172
0.0010309219360351562
0.0010333061218261719
0.0010471343994140625
0.0010480880737304688
0.001039743423461914
0.0010268688201904297
0.0010418891906738281
0.0010406970977783203
0.0010268688201904297
0.0010178089141845703
0.0010342597961425781
0.0010335445404052734
0.0010256767272949219
0.001026153564453125
0.0010418891906738281
0.0010361671447753906
0.001027822494506836
0.001018524169921875
0.0010409355163574219
0.0010402202606201172
0.0010402202606201172
0.0010385513305664062
0.0010521411895751953
0.0010416507720947266
0.0010368824005126953
0.0010156631469726562
0.0010423660278320312
0.0010385513305664062
0.0010361671447753906
0.0010251998901367188
0.001043558120727539
0.0010335445404052734
0.0010235309600830078
0.0010144710540771484
0.0010371208190917969
0.00103759765625
0.0010371208190917969
0.0010328292846679688
0.0010497570037841797
0.001039743423461914
0.0010347366333007812
0.0010263919830322266
0.00104522705078125
0.0010480880737304688
0.0010356903076171875
0.0010247230529785156
0.0010464191436767578
0.0010411739349365234
0.001020669937133789
0.0010166168212890625
0.0010356903076171875
0.0008573532104492188
0.0010254383087158203
0.0010254383087158203
0.0010454654693603516
0.001035928726196289
0.0010297298431396484
0.0010237693786621094
0.0010449886322021484
0.0010459423065185547
0.0010411739349365234
0.0010304450988769531
0.0010700225830078125
0.0010216236114501953
0.0010287761688232422
0.0010192394256591797
0.0010428428649902344
0.0010335445404052734
0.0010297298431396484
0.0010256767272949219
0.0010483264923095703
0.0010259151458740234
0.0010230541229248047
0.0010223388671875
0.0010440349578857422
0.0010404586791992188
0.001039743423461914
0.0010263919830322266
0.0010488033294677734
0.0010480880737304688
0.0010333061218261719
0.001020669937133789
0.0010445117950439453
0.0010368824005126953
0.0010285377502441406
0.0010328292846679688
0.0010418891906738281
0.0010349750518798828
0.0010249614715576172
0.00101470947265625
0.00102996826171875
0.001031637191772461
0.0010313987731933594
0.0010325908660888672
0.0010409355163574219
0.0010395050048828125
0.0010323524475097656
0.0010180473327636719
0.0010440349578857422
0.001043558120727539
0.001035928726196289
0.0010328292846679688
0.0010459423065185547
0.0010390281677246094
0.001028299331665039
0.0009891986846923828
0.0010318756103515625
0.0010311603546142578
0.001033782958984375
0.0010223388671875
0.0010421276092529297
0.001031637191772461
0.0010297298431396484
0.0010149478912353516
0.0010402202606201172
0.001039266586303711
0.001041412353515625
0.0010302066802978516
0.0010502338409423828
0.0010404586791992188
0.0010292530059814453
0.0010204315185546875
0.0010409355163574219
0.0010385513305664062
0.0010349750518798828
0.0010218620300292969
0.0010437965393066406
0.0010344982147216797
0.001020669937133789
0.0010142326354980469
0.0010373592376708984
0.0010387897491455078
0.001032114028930664
0.0010266304016113281
0.001049041748046875
0.0010433197021484375
0.001028299331665039
0.0010251998901367188
0.0010449886322021484
0.0010428428649902344
0.0010364055633544922
0.0010256767272949219
0.0010449886322021484
0.0010385513305664062
0.0010242462158203125
0.0010142326354980469
0.0010371208190917969
0.0010318756103515625
0.0010294914245605469
0.0010251998901367188
0.0010461807250976562
0.0010309219360351562
0.0010268688201904297
0.0010230541229248047
0.00104522705078125
0.001041412353515625
0.0010402202606201172
0.001031637191772461
0.0010497570037841797
0.0010399818420410156
0.0010290145874023438
0.0010178089141845703
0.0010404586791992188
0.0010368824005126953
0.0010297298431396484
0.0010242462158203125
0.0010433197021484375
0.001027822494506836
0.0010237693786621094
0.0010166168212890625
0.001039266586303711
0.0010378360748291016
0.0010368824005126953
0.0010309219360351562
0.0010466575622558594
0.001043558120727539
0.0010304450988769531
0.0010242462158203125
0.0010423660278320312
0.0010399818420410156
0.0010333061218261719
0.0010242462158203125
0.0010440349578857422
0.0010330677032470703
0.0010225772857666016
0.0010139942169189453
0.001035928726196289
0.0010333061218261719
0.0010306835174560547
0.0010230541229248047
0.0010454654693603516
0.0010385513305664062
0.0010297298431396484
0.0010187625885009766
0.0010480880737304688
0.0010423660278320312
0.0010402202606201172
0.0010271072387695312
0.001046895980834961
0.0010387897491455078
0.00102996826171875
0.0010149478912353516
0.0010378360748291016
0.0010356903076171875
0.0010306835174560547
0.0010211467742919922
0.0010418891906738281
0.0010325908660888672
0.001024484634399414
0.0010192394256591797
0.0010418891906738281
0.0010406970977783203
0.0010387897491455078
0.0010313987731933594
0.0010514259338378906
0.0010437965393066406
0.0010228157043457031
0.0010216236114501953
0.0010421276092529297
0.0010466575622558594
0.0010292530059814453
0.0010225772857666016
0.0010421276092529297
0.0010368824005126953
0.001018524169921875
0.0010137557983398438
0.0010385513305664062
0.0010335445404052734
0.0010330677032470703
0.0010275840759277344
0.0010488033294677734
0.0010399818420410156
0.0010311603546142578
0.0010266304016113281
0.0010478496551513672
0.0010440349578857422
0.0010380744934082031
0.0010275840759277344
0.0010485649108886719
0.0010349750518798828
0.0010271072387695312
0.001016378402709961
0.0010385513305664062
0.0010304450988769531
0.0010309219360351562
0.0010242462158203125
0.0010433197021484375
0.0010349750518798828
0.001026153564453125
0.001024007797241211
0.0010421276092529297
0.0010442733764648438
0.0010399818420410156
0.0010342597961425781
0.0010478496551513672
0.0010418891906738281
0.001028299331665039
0.0010237693786621094
0.0010399818420410156
0.0010378360748291016
0.001033782958984375
0.0010228157043457031
0.0010395050048828125
0.001031637191772461
0.0010213851928710938
0.001020193099975586
0.0010383129119873047
0.0010387897491455078
0.0010347366333007812
0.0010273456573486328
0.001046895980834961
0.0010464191436767578
0.0010297298431396484
0.0010242462158203125
0.0010416507720947266
0.001039743423461914
0.001054525375366211
0.001001119613647461
0.0010457038879394531
0.0010311603546142578
0.0010237693786621094
0.0010225772857666016
0.0010249614715576172
0.0010330677032470703
0.0010335445404052734
0.0010161399841308594
0.0010416507720947266
0.0010411739349365234
0.0010297298431396484
0.0010182857513427734
0.001043558120727539
0.001043081283569336
0.0010292530059814453
0.0010330677032470703
0.0010488033294677734
0.0010380744934082031
0.001028299331665039
0.0010173320770263672
0.001035451889038086
0.0010344982147216797
0.0010194778442382812
0.0010263919830322266
0.0010373592376708984
0.001033782958984375
0.001024007797241211
0.0010135173797607422
0.0010342597961425781
0.0010371208190917969
0.0010344982147216797
0.001032114028930664
0.0010502338409423828
0.0010385513305664062
0.0010297298431396484
0.001016378402709961
0.001039266586303711
0.0010366439819335938
0.0010306835174560547
0.0010273456573486328
0.0010402202606201172
0.00102996826171875
0.001024007797241211
0.0010097026824951172
0.0010344982147216797
0.0010294914245605469
0.0010311603546142578
0.0010259151458740234
0.0010471343994140625
0.0010335445404052734
0.0010292530059814453
0.0010211467742919922
0.00104522705078125
0.0010390281677246094
0.0010349750518798828
0.0010247230529785156
0.0010433197021484375
0.001035928726196289
0.0010228157043457031
0.0010120868682861328
0.0010340213775634766
0.0010311603546142578
0.0010263919830322266
0.0010209083557128906
0.0010406970977783203
0.00102996826171875
0.0010232925415039062
0.0010218620300292969
0.0010364055633544922
0.0010411739349365234
0.00103759765625
0.0010287761688232422
0.0010416507720947266
0.0010406970977783203
0.0010228157043457031
0.0010211467742919922
0.0010342597961425781
0.001033782958984375
0.0010280609130859375
0.0010204315185546875
0.0010383129119873047
0.0010259151458740234
0.0010166168212890625
0.0010118484497070312
0.0010330677032470703
0.0010325908660888672
0.00102996826171875
0.0010213851928710938
0.0010426044464111328
0.0010387897491455078
0.0010290145874023438
0.0010159015655517578
0.0010380744934082031
0.0010349750518798828
0.001032114028930664
0.0010211467742919922
0.0010411739349365234
0.0010266304016113281
0.0010204315185546875
0.001013040542602539
0.0010330677032470703
0.0010309219360351562
0.0010273456573486328
0.0010120868682861328
0.001033782958984375
0.0010342597961425781
0.0010237693786621094
0.00101470947265625
0.0010385513305664062
0.001035928726196289
0.0010266304016113281
0.0010259151458740234
0.0010416507720947266
0.0010373592376708984
0.0010187625885009766
0.0010132789611816406
0.0010309219360351562
0.0010290145874023438
0.00101470947265625
0.0010223388671875
0.001031637191772461
0.0010275840759277344
0.0010154247283935547
0.0010077953338623047
0.0010263919830322266
0.0010294914245605469
0.0010263919830322266
0.001024007797241211
0.001043081283569336
0.0010328292846679688
0.0010228157043457031
0.0010128021240234375
0.0010313987731933594
0.0010318756103515625
0.001026153564453125
0.0010209083557128906
0.0010340213775634766
0.0010230541229248047
0.001016378402709961
0.0010063648223876953
0.0010294914245605469
0.0010216236114501953
0.001024007797241211
0.0010161399841308594
0.001039743423461914
0.0010275840759277344
0.001020193099975586
0.0010151863098144531
0.0010409355163574219
0.0010309219360351562
0.0008513927459716797
0.0010156631469726562
0.0010399818420410156
0.0010254383087158203
0.0010154247283935547
0.0010097026824951172
0.00102996826171875
0.0010251998901367188
0.0010197162628173828
0.0010111331939697266
0.0010325908660888672
0.0010223388671875
0.001012563705444336
0.0010099411010742188
0.0010330677032470703
0.0010309219360351562
0.0010275840759277344
0.0010228157043457031
0.0010347366333007812
0.0010347366333007812
0.0010211467742919922
0.0010113716125488281
0.0010273456573486328
0.001027822494506836
0.0010180473327636719
0.0010221004486083984
0.0010275840759277344
0.0010259151458740234
0.0010151863098144531
0.0010042190551757812
0.0010225772857666016
0.0010221004486083984
0.0010204315185546875
0.001020193099975586
0.0010361671447753906
0.0010297298431396484
0.0010221004486083984
0.0010120868682861328
0.0010318756103515625
0.0010306835174560547
0.001026153564453125
0.0010218620300292969
0.0010349750518798828
0.0010254383087158203
0.001020669937133789
0.0010023117065429688
0.0010254383087158203
0.001024007797241211
0.0010242462158203125
0.0010149478912353516
0.0010313987731933594
0.0010266304016113281
0.001020669937133789
0.0010077953338623047
0.0010311603546142578
0.0010325908660888672
0.0010349750518798828
0.001020193099975586
0.0010409355163574219
0.0010275840759277344
0.0010221004486083984
0.0010099411010742188
0.0010318756103515625
0.0010285377502441406
0.0010242462158203125
0.0010128021240234375
0.0010318756103515625
0.0010232925415039062
0.0010104179382324219
0.0010051727294921875
0.0010275840759277344
0.0010311603546142578
0.0010209083557128906
0.0010173320770263672
0.0010378360748291016
0.0010333061218261719
0.0010173320770263672
0.0010135173797607422
0.0010323524475097656
0.0010311603546142578
0.0010232925415039062
0.001018524169921875
0.0010330677032470703
0.0010259151458740234
0.0010123252868652344
0.001004934310913086
0.0010247230529785156
0.0010230541229248047
0.001020193099975586
0.0010111331939697266
0.0010342597961425781
0.0010275840759277344
0.0010161399841308594
0.001010894775390625
0.0010330677032470703
0.0010325908660888672
0.0010268688201904297
0.0010216236114501953
0.001039743423461914
0.001024007797241211
0.0010151863098144531
0.0010068416595458984
0.0010309219360351562
0.0010223388671875
0.001020669937133789
0.0010128021240234375
0.001028299331665039
0.001020669937133789
0.0010116100311279297
0.0010035037994384766
0.0010294914245605469
0.001024484634399414
0.001024007797241211
0.0010192394256591797
0.0010395050048828125
0.00102996826171875
0.0010173320770263672
0.001010894775390625
0.0010318756103515625
0.0010273456573486328
0.0010230541229248047
0.0010118484497070312
0.0010325908660888672
0.0010228157043457031
0.0010104179382324219
0.0010027885437011719
0.0010230541229248047
0.0010211467742919922
0.0010178089141845703
0.0010175704956054688
0.0010318756103515625
0.0010242462158203125
0.0010173320770263672
0.0010156631469726562
0.0010294914245605469
0.0010304450988769531
0.0010266304016113281
0.0010180473327636719
0.0010292530059814453
0.0010266304016113281
0.001016855239868164
0.0010042190551757812
0.0010213851928710938
0.0010228157043457031
0.001018524169921875
0.0010128021240234375
0.001027822494506836
0.0010225772857666016
0.001012563705444336
0.0010061264038085938
0.0010275840759277344
0.0010271072387695312
0.0010271072387695312
0.0010237693786621094
0.00103759765625
0.0010285377502441406
0.0010218620300292969
0.0010058879852294922
0.0010254383087158203
0.0010259151458740234
0.0010266304016113281
0.0010144710540771484
0.0010306835174560547
0.0010225772857666016
0.001016378402709961
0.000997781753540039
0.0010204315185546875
0.0010223388671875
0.0010249614715576172
0.0010139942169189453
0.0010366439819335938
0.0010263919830322266
0.0010221004486083984
0.0010094642639160156
0.0010313987731933594
0.0010297298431396484
0.001024484634399414
0.0010190010070800781
0.0010340213775634766
0.0010228157043457031
0.0010166168212890625
0.0010058879852294922
0.0010242462158203125
0.001024007797241211
0.0010232925415039062
0.0010104179382324219
0.0010323524475097656
0.0010256767272949219
0.0010135173797607422
0.0010085105895996094
0.0010313987731933594
0.001050710678100586
0.0010097026824951172
0.0010230541229248047
0.0010387897491455078
0.0010302066802978516
0.0010166168212890625
0.001013040542602539
0.0010311603546142578
0.0010309219360351562
0.001024007797241211
0.0010137557983398438
0.0010306835174560547
0.0010268688201904297
0.0010128021240234375
0.0010039806365966797
0.0010256767272949219
0.0010266304016113281
0.0010251998901367188
0.0010204315185546875
0.0010380744934082031
0.001032114028930664
0.0010204315185546875
0.001013040542602539
0.0010356903076171875
0.0010275840759277344
0.0010259151458740234
0.0010187625885009766
0.0010349750518798828
0.0010232925415039062
0.0010149478912353516
0.0010056495666503906
0.0010225772857666016
0.0010237693786621094
0.0010199546813964844
0.0010156631469726562
0.0010340213775634766
0.001024007797241211
0.001016378402709961
0.0010104179382324219
0.0010325908660888672
0.0010318756103515625
0.0010297298431396484
0.001020193099975586
0.0010380744934082031
0.0010266304016113281
0.0010173320770263672
0.001008749008178711
0.001028299331665039
0.0010249614715576172
0.0010230541229248047
0.0010132789611816406
0.0010268688201904297
0.0010213851928710938
0.0010104179382324219
0.0010085105895996094
0.0010266304016113281
0.0010285377502441406
0.0010242462158203125
0.0010192394256591797
0.001035928726196289
0.0010323524475097656
0.0010175704956054688
0.0010128021240234375
0.0010263919830322266
0.0010249614715576172
0.0010228157043457031
0.0010156631469726562
0.0010318756103515625
0.0010182857513427734
0.0010085105895996094
0.0010046958923339844
0.0010228157043457031
0.0010228157043457031
0.0010192394256591797
0.0010097026824951172
0.0010292530059814453
0.0010271072387695312
0.0010402202606201172
0.0015037059783935547
0.001033782958984375
0.0010216236114501953
0.0010190010070800781
0.0010280609130859375
0.001033782958984375
0.001013040542602539
0.0010066032409667969
0.0010151863098144531
0.0010266304016113281
0.0010173320770263672
0.001007080078125
0.0010197162628173828
0.0010285377502441406
0.0010726451873779297
0.0014579296112060547
0.0010259151458740234
0.001026153564453125
0.0010235309600830078
0.0010197162628173828
0.0010368824005126953
0.001024484634399414
0.0010170936584472656
0.0010082721710205078
0.0010273456573486328
0.001024484634399414
0.0010221004486083984
0.0010099411010742188
0.0010294914245605469
0.0010209083557128906
0.0010085105895996094
0.0010008811950683594
0.0010221004486083984
0.0010230541229248047
0.0010178089141845703
0.0010113716125488281
0.0010333061218261719
0.001028299331665039
0.0010151863098144531
0.0010111331939697266
0.0010309219360351562
0.0010309219360351562
0.0010209083557128906
0.0010118484497070312
0.0010333061218261719
0.0010228157043457031
0.0010118484497070312
0.0010025501251220703
0.0010254383087158203
0.001020193099975586
0.001016378402709961
0.001009225845336914
0.001028299331665039
0.001020669937133789
0.0010118484497070312
0.0010063648223876953
0.001028299331665039
0.0010292530059814453
0.0010251998901367188
0.0010139942169189453
0.0010356903076171875
0.0010256767272949219
0.0010142326354980469
0.0010044574737548828
0.0010268688201904297
0.0010204315185546875
0.001018524169921875
0.0010106563568115234
0.0010313987731933594
0.0010142326354980469
0.0010080337524414062
0.0009999275207519531
0.0010254383087158203
0.0010187625885009766
0.001020193099975586
0.0010142326354980469
0.0010323524475097656
0.0010254383087158203
0.001016378402709961
0.0010097026824951172
0.0010285377502441406
0.0010266304016113281
0.0010211467742919922
0.0010149478912353516
0.0010309219360351562
0.001020669937133789
0.0010101795196533203
0.0010023117065429688
0.0010216236114501953
0.0010197162628173828
0.0010154247283935547
0.00102996826171875
0.0010044574737548828
0.0010209083557128906
0.0010106563568115234
0.0010075569152832031
0.0010256767272949219
0.0010254383087158203
0.0010221004486083984
0.0010166168212890625
0.00102996826171875
0.0010221004486083984
0.0010101795196533203
0.0010063648223876953
0.0010204315185546875
0.0010199546813964844
0.0010159015655517578
0.0010068416595458984
0.0008518695831298828
0.0010132789611816406
0.0010039806365966797
0.000997781753540039
0.0010209083557128906
0.001018524169921875
0.0010175704956054688
0.0010106563568115234
0.0010313987731933594
0.0010218620300292969
0.0010128021240234375
0.0010039806365966797
0.0010230541229248047
0.0010218620300292969
0.001016378402709961
0.0010075569152832031
0.0010259151458740234
0.0010166168212890625
0.0010080337524414062
0.0009949207305908203
0.0010180473327636719
0.0010154247283935547
0.0010151863098144531
0.0010013580322265625
0.0010256767272949219
0.0010190010070800781
0.0010097026824951172
0.0010008811950683594
0.0010275840759277344
0.0010218620300292969
0.001020669937133789
0.001009225845336914
0.0010266304016113281
0.0010173320770263672
0.001009225845336914